#	Schneider.lag1	Schneider.lag2	Schneider.lag3	Schneider.lag4	Schneider.lag5	gGrantham.lag1	gGrantham.lag2	gGrantham.lag3	gGrantham.lag4	gGrantham.lag5
sp|Q9S7P9|SNP33_ARATH	0.41393587625418055	0.40645837583892613	0.3868624781144782	0.3928656317567569	0.407282179661017	9699.558528428093	9704.157718120805	8708.053872053872	9036.260135135135	9891.86779661017
sp|P38736|GOSR1_YEAST	0.3322227432432433	0.339858190045249	0.32532668636363643	0.3612182191780824	0.37324235321100896	9048.301801801801	10186.190045248868	8125.727272727273	8418.844748858448	10616.651376146789
sp|Q5SQN1|SNP47_HUMAN	0.3840600518358529	0.3978631298701299	0.38451210845986966	0.3793514521739131	0.4030610871459694	9378.477321814255	9966.85064935065	10042.90021691974	9751.79347826087	9670.947712418301
sp|O22151|GOS12_ARATH	0.3752509726562498	0.379099537254902	0.3642226889763776	0.34943577470355747	0.3921809880952379	10606.4609375	10965.266666666666	9802.511811023622	8674.798418972332	11218.801587301587
sp|G5EEN8|AEX4_CAEEL	0.38293842918454923	0.41692611637931065	0.3613816796536799	0.382132395652174	0.3996079999999998	10223.068669527896	10055.176724137931	9499.471861471862	10001.739130434782	10388.886462882096
sp|P83351|SNA29_CAEEL	0.3662606739130435	0.4020859927272729	0.3272794343065695	0.2983946739926739	0.40321582720588234	8961.239130434782	9286.156363636364	8224.565693430657	7711.32967032967	9026.841911764706
sp|Q8VHI8|SEC20_RAT	0.3531741938325992	0.37611512389380547	0.3762248444444445	0.3539441651785714	0.39419359192825115	8695.581497797357	9596.46017699115	8870.773333333333	9095.49107142857	9486.887892376682
sp|Q59XP0|SEC9_CANAL	0.32334812476370467	0.327485448863636	0.3246047931688802	0.30694603802281323	0.3218985790476191	7930.455576559546	7907.041666666667	7923.297912713472	7793.1882129277565	8100.12
sp|P43682|SFT1_YEAST	0.3484075416666667	0.3805803578947368	0.3235340212765959	0.34080720430107525	0.30800921739130444	8439.979166666666	10537.61052631579	8533.010638297872	8174.462365591397	9585.141304347826
sp|Q09730|SFT1_SCHPO	0.3504203555555557	0.40703178651685384	0.32404267045454554	0.349144724137931	0.4063829418604653	8841.277777777777	10149.966292134832	7986.170454545455	8893.448275862069	10105.17441860465
sp|Q03322|TLG1_YEAST	0.34787778475336356	0.3973001216216219	0.34420849773755685	0.32620755909090937	0.3975046118721464	8797.748878923767	9445.986486486487	8772.8778280543	7824.372727272727	9748.543378995433
sp|O42852|SEC20_SCHPO	0.35189848000000024	0.4108267589285715	0.3372081838565021	0.3647368783783785	0.3963363122171949	9060.208888888888	9779.629464285714	8886.121076233183	9768.396396396396	9431.592760180996
sp|P28791|SEC20_YEAST	0.34843968586387464	0.3574225275590551	0.34641774736842107	0.35077112664907634	0.3525786269841271	9874.515706806284	10370.351706036745	9549.607894736842	8997.356200527705	10062.277777777777
sp|Q94AU2|SEC22_ARATH	0.41611816589861783	0.408551425925926	0.38701599534883735	0.3423302757009347	0.4154887934272303	9740.281105990784	9853.731481481482	9239.986046511627	9057.55140186916	9922.727699530516
sp|Q04359|SPO20_YEAST	0.412121962121212	0.4072318607594935	0.40739541878172564	0.4155920839694655	0.4100704005102043	9901.166666666666	9726.243037974684	9688.73350253807	9880.806615776082	10037.645408163266
sp|Q9JI51|VTI1A_RAT	0.42599019730941695	0.3940439864864864	0.36614195475113104	0.4100787227272728	0.3996038036529684	9081.70403587444	9212.450450450451	8880.923076923076	8259.804545454546	8910.885844748858
sp|Q9UEU0|VTI1B_HUMAN	0.3945793376623378	0.415288456521739	0.35933634061135356	0.35900254824561395	0.44240748898678395	8598.402597402597	9365.247826086956	8307.10480349345	7808.978070175439	9552.678414096916
sp|Q6C5G0|SEC9_YARLI	0.3309114612850081	0.33154004455445557	0.3425592330578514	0.3393704917218546	0.36073910447761204	8250.37726523888	8472.26897689769	8142.519008264463	8074.0331125827815	8867.033167495854
sp|Q54CK6|VTI1A_DICDI	0.3748140370370372	0.39683818139534893	0.3287226121495327	0.3693186713615026	0.39262763679245277	8842.62037037037	9851.520930232558	8483.817757009347	8325.492957746479	9625.188679245282
sp|O94531|UFE1_SCHPO	0.3718176163522012	0.397365615141956	0.3590531044303799	0.36433711428571397	0.37542879299363074	9821.207547169812	10887.028391167192	9316.06329113924	9827.711111111112	10041.878980891719
sp|Q6FW27|YKT6_CANGA	0.36638841666666694	0.40807269458128115	0.35008599009901004	0.3659093134328359	0.38318664000000013	8991.446078431372	10792.847290640395	9518.534653465347	9579.711442786069	10278.085
sp|Q9C9X5|CAP12_ARATH	0.3711791772486772	0.39818661803713556	0.3550901675531913	0.38599919466666666	0.39462665508021383	10098.743386243386	10557.076923076924	9587.97340425532	10098.517333333333	10887.818181818182
sp|Q94CG2|BET12_ARATH	0.404170007751938	0.4227176796875002	0.3811003149606302	0.3548340873015874	0.41672465599999997	9228.147286821706	11051.421875	8006.2677165354335	7954.071428571428	10717.624
sp|Q6CRX0|BOS1_KLULA	0.3466982914979757	0.387480117886179	0.356637812244898	0.3351957090163934	0.36224327160493847	8947.133603238866	9250.68699186992	8697.151020408162	8399.348360655738	8535.506172839507
sp|Q9P7G5|BOS1_SCHPO	0.38502428632478636	0.4031896609442058	0.3618361681034484	0.39760290476190485	0.37829460434782625	9829.820512820514	10536.068669527896	8772.474137931034	9806.419913419913	9836.517391304347
sp|O13932|BET1_SCHPO	0.36278391379310354	0.35326434782608696	0.3021078596491228	0.3149623274336282	0.3890706964285714	9669.396551724138	10285.278260869565	8517.456140350878	8412.159292035398	11701.857142857143
sp|P22804|BET1_YEAST	0.3369745390070923	0.3660625357142857	0.3318113741007194	0.3468836666666667	0.36609873722627734	9168.31914893617	9612.3	8817.805755395684	9124.27536231884	9430.985401459853
sp|Q09835|GOS1_SCHPO	0.3328098453038676	0.37806618333333325	0.37905083798882694	0.3712592865168542	0.38027580790960475	8486.486187845303	10195.994444444445	8906.82122905028	8764.067415730337	9361.610169491525
sp|O14222|FSV1_SCHPO	0.36733078861788615	0.3379171265306123	0.3110728811475409	0.3656338518518517	0.38253080991735544	9339.792682926829	9074.608163265306	8631.918032786885	8749.637860082305	9944.082644628099
sp|Q92356|SYB1_SCHPO	0.3350193416666665	0.3508327983193277	0.3460589745762712	0.3190565555555554	0.3586563879310343	8764.025	9519.89075630252	8715.872881355932	7437.974358974359	9715.146551724138
sp|P83528|STX6_CAEEL	0.3523008760330578	0.3501271916666667	0.3449079159663866	0.3703529915254238	0.3543852905982907	8871.165289256198	9933.458333333334	8556.966386554623	9506.550847457627	9642.811965811965
sp|Q54GB3|SYBB_DICDI	0.26595624000000007	0.3212689191919192	0.2927664285714285	0.3317641649484537	0.3301806145833333	7838.45	8180.343434343435	8264.80612244898	7655.216494845361	8907.875
sp|Q9HGN3|TLG1_SCHPO	0.34477141517857157	0.3580761838565021	0.34552486936936966	0.30119046606334865	0.37780480454545456	9442.214285714286	9842.273542600897	9539.018018018018	8544.809954751132	9958.813636363637
sp|Q08144|TLG2_YEAST	0.3626606111111112	0.39619502278480967	0.40219541878172566	0.3652768193384223	0.3923523239795915	9165.525252525253	9658.962025316456	9417.238578680202	9467.34096692112	10057.614795918367
sp|O74509|VAM7_SCHPO	0.3633645058823531	0.3939492448377579	0.3414094763313612	0.36131146884272997	0.36322324404761913	9651.8	10141.622418879057	8966.878698224851	9527.640949554896	9515.651785714286
sp|O70404|VAMP8_MOUSE	0.3406896599999997	0.3439691313131311	0.3135930408163266	0.3457662783505155	0.3209766354166667	7930.36	8588.737373737375	7819.673469387755	7669.40206185567	9186.739583333334
sp|Q12241|VAM3_YEAST	0.36539097517730484	0.3304762526690391	0.36472992500000007	0.3514960681003585	0.3938124712230217	9074.393617021276	8897.348754448398	8766.075	8284.351254480287	9539.51438848921
sp|P32912|VAM7_YEAST	0.41905782539682523	0.42096599363057324	0.4209805143769966	0.36488661858974375	0.4224650321543409	9514.901587301587	9614.65923566879	9737.821086261982	8283.509615384615	9451.173633440514
sp|P53146|USE1_YEAST	0.36649163934426243	0.3795676995884778	0.3420156818181819	0.3346030954356847	0.38797354583333343	9018.143442622952	8810.54732510288	8990.202479338843	8830.767634854772	8885.4125
sp|O13785|USE1_SCHPO	0.36634861538461544	0.38944469545454574	0.35854299543378987	0.3555026880733945	0.39211680184331804	10056.266968325792	8910.845454545455	9353.767123287671	8921.834862385322	9405.110599078342
sp|O48850|VA725_ARATH	0.35227855633802824	0.330893932862191	0.33282217730496466	0.33281040213523133	0.34619130714285706	9939.947183098591	9289.809187279152	10012.91489361702	9390.213523131673	9979.603571428572
sp|P41834|UFE1_YEAST	0.3949672637681159	0.408415566860465	0.35021080466472304	0.3606501900584794	0.3842903929618765	10171.498550724638	10242.572674418605	9182.892128279884	9225.587719298246	9879.123167155425
sp|Q9LRP1|NPS13_ARATH	0.35759194776119435	0.404860179775281	0.3219155375939851	0.3336403283018871	0.40982596969696994	9604.205223880597	10029.662921348314	8809.037593984962	8727.433962264151	10141.511363636364
sp|Q12255|NYV1_YEAST	0.3219756111111113	0.3501539282868526	0.28961144800000016	0.34021322088353434	0.34088914112903207	9333.380952380952	10433.1593625498	8392.972	8947.032128514056	10179.274193548386
sp|Q32L97|VAMP4_BOVIN	0.36827915	0.4033772086330935	0.37612728260869555	0.35501591970802904	0.4178062205882353	7886.957142857143	9652.086330935252	8540.797101449276	8136.708029197081	10346.926470588236
sp|Q9CQ56|USE1_MOUSE	0.3913528550185874	0.37643866417910454	0.3959939101123595	0.3717138157894734	0.3726121056603775	9560.431226765799	9466.033582089553	9970.906367041198	8829.898496240601	9031.309433962264
sp|O95183|VAMP5_HUMAN	0.3309384173913044	0.327969298245614	0.26881211504424796	0.2974009285714287	0.34850063963963973	9252.095652173914	8986.447368421053	8379.106194690265	8865.151785714286	10180.0990990991
sp|Q5UR18|YL657_MIMIV	0.3678457241379312	0.4415611485148518	0.3838064378109455	0.32740720500000003	0.3632008894472361	9394.15763546798	11925.648514851486	10121.407960199005	9087.715	9861.170854271357
sp|Q9SEL5|VTI12_ARATH	0.40532573303167435	0.3831621045454546	0.38955016438356166	0.3878430871559632	0.4040989861751154	10556.099547511312	9854.85909090909	9517.4200913242	9583.926605504586	10349.235023041474
sp|Q04338|VTI1_YEAST	0.3794765972222223	0.3958941767441862	0.34393332242990693	0.3364824178403758	0.38970261320754734	9304.49074074074	10298.302325581395	8773.81308411215	8006.962441314554	9617.047169811322
sp|P78768|VTI1_SCHPO	0.43208395774647906	0.4107531084905662	0.38850805213270173	0.37391618571428575	0.4156401196172249	9171.488262910798	10030.311320754718	9070.071090047393	8539.738095238095	9797.267942583732
sp|Q9SUJ1|SYP43_ARATH	0.3478862999999999	0.35185626443768986	0.3534353506097563	0.35912370030581053	0.38041368404907994	9276.015151515152	8865.434650455927	8849.634146341463	9014.296636085626	9900.923312883435
sp|Q86AQ7|VAM7B_DICDI	0.330618451737452	0.33168659302325576	0.31220013229571997	0.3248867773437501	0.3616450431372552	9135.72972972973	9934.39534883721	8774.712062256809	8488.0703125	9715.458823529412
sp|Q9EP80|PICK1_RAT	0.4009126048192771	0.37234985024154577	0.3731109661016951	0.3464230631067963	0.3886600340632604	10731.32048192771	9693.630434782608	10039.605326876514	9771.106796116504	10058.759124087592
sp|Q9ERB0|SNP29_MOUSE	0.4044998571428574	0.4006163953488372	0.3809843268482489	0.3588570742187502	0.40616411372549016	9824.822393822395	9701.651162790698	8947.867704280156	8458.44921875	9736.909803921568
sp|O95721|SNP29_HUMAN	0.4068024941634243	0.40204816406249977	0.37666259215686254	0.36613157874015745	0.4069406166007903	9654.175097276264	9425.61328125	8866.725490196079	8368.736220472441	9588.97233201581
sp|Q9Z2P6|SNP29_RAT	0.39925252343750034	0.39376463529411754	0.36879054330708655	0.36142528063241125	0.3966348571428571	9772.796875	9759.105882352942	9067.6968503937	8776.640316205534	9883.503968253968
sp|Q6PC54|SN25B_DANRE	0.40092282673267315	0.4300065174129356	0.35022286	0.345934783919598	0.4351154595959596	10616.722772277228	10863.517412935324	9160.11	9545.713567839195	11123.38383838384
sp|O09044|SNP23_MOUSE	0.39153863157894736	0.38718973557692316	0.32428942028985513	0.3421845728155341	0.38510453170731695	10469.564593301435	9982.677884615385	8813.497584541063	8944.902912621359	10001.09756097561
sp|Q9N598|USE1_CAEEL	0.38715663636363634	0.39073558730158736	0.372521203187251	0.341290928	0.4265819397590364	8547.833992094862	9455.924603174602	9065.079681274901	8653.084	9786.807228915663
sp|P36975|SNP25_DROME	0.3750979289099526	0.4110189142857143	0.3530808277511964	0.3677818557692309	0.429271574879227	10204.1990521327	10884.109523809524	9746.464114832535	9789.822115384615	10742.304347826086
sp|O15155|BET1_HUMAN	0.37496936752136745	0.3261433362068966	0.32072689565217394	0.29142168421052633	0.3327930619469027	10284.470085470086	9114.405172413793	9195.008695652174	8721.684210526315	9592.194690265487
sp|O35152|BET1L_RAT	0.3705402454545456	0.38658270642201853	0.3025277407407408	0.33517880373831793	0.40258869811320747	9659.790909090909	10418.91743119266	9391.361111111111	8775.242990654206	10215.943396226416
sp|Q68EL3|BET1L_DANRE	0.3622522201834863	0.3827712962962965	0.3322984392523366	0.32689548113207556	0.3843133047619049	10524.009174311926	11329.435185185184	9989.523364485982	9021.235849056604	10684.819047619048
sp|Q62896|BET1_RAT	0.3735144273504273	0.32886766379310356	0.32262483478260867	0.29336222807017553	0.3340144336283187	10222.940170940172	9374.741379310344	9103.773913043478	8896.192982456141	9602.407079646018
sp|P60879|SNP25_MOUSE	0.4103045512195123	0.45479165196078464	0.35815280295566515	0.3549460940594061	0.4456739950248757	10444.468292682926	10799.480392156862	9446.152709359605	9527.232673267326	10829.73631840796
sp|Q15836|VAMP3_HUMAN	0.29067525252525256	0.32214960204081633	0.3108523711340206	0.3197042916666667	0.33822406315789477	8223.787878787878	8475.755102040815	8785.134020618556	8834.208333333334	9548.494736842105
sp|P63027|VAMP2_HUMAN	0.2637104086956522	0.2983315526315789	0.2700878318584071	0.279176375	0.30321841441441444	7856.078260869565	7902.228070175439	7311.973451327433	7543.821428571428	8259.450450450451
sp|P60881|SNP25_RAT	0.4103045512195123	0.45479165196078464	0.35815280295566515	0.3549460940594061	0.4456739950248757	10444.468292682926	10799.480392156862	9446.152709359605	9527.232673267326	10829.73631840796
sp|P60878|SNP25_CHICK	0.4103045512195123	0.45479165196078464	0.35815280295566515	0.3549460940594061	0.4456739950248757	10444.468292682926	10799.480392156862	9446.152709359605	9527.232673267326	10829.73631840796
sp|O75396|SC22B_HUMAN	0.3592971355140189	0.3564266854460095	0.36090545754716985	0.34865721800947885	0.3296764190476192	9639.401869158879	9637.863849765257	8783.466981132075	9232.094786729858	9766.519047619047
sp|O89116|VTI1A_MOUSE	0.42902519907407394	0.39846351627906984	0.360430336448598	0.40307364319248845	0.39443201415094337	9212.356481481482	9368.06511627907	9018.873831775702	8148.723004694835	8899.849056603774
sp|Q96AJ9|VTI1A_HUMAN	0.42418598148148134	0.40323736279069766	0.37058570093457915	0.40702162910798134	0.3909363490566039	8987.513888888889	9108.372093023256	9014.317757009347	7984.244131455399	8641.316037735849
sp|Q08850|STX4_RAT	0.3684336700336701	0.3915598175675674	0.3513670677966101	0.3421056156462585	0.40427801023890764	8690.329966329966	9094.760135135135	8188.996610169492	7995.465986394558	9038.682593856654
sp|Q00262|STX2_MOUSE	0.4044981979166667	0.39900653658536583	0.3779030524475523	0.34256857543859637	0.4330869401408451	9245.545138888889	9623.094076655052	8796.122377622378	7953.926315789474	9721.718309859154
sp|Q24547|STX1A_DROME	0.39952671379310356	0.38787742906574374	0.3825490416666667	0.3429204878048781	0.43056611188811184	9058.793103448275	9280.415224913495	8557.21875	7967.243902439024	9478.167832167832
sp|P61266|STX1B_HUMAN	0.416899149825784	0.41454652447552437	0.383825007017544	0.3373697007042254	0.437591812720848	9581.15331010453	10044.160839160839	9376.2	8377.098591549297	10218.272084805654
sp|P56962|STX17_HUMAN	0.34684609634551483	0.37247547333333336	0.3352857759197322	0.3577525469798659	0.3595066565656568	9292.232558139534	9649.533333333333	8638.297658862877	8828.76845637584	9346.872053872054
sp|Q5EGY4|YKT6_RAT	0.3907737411167515	0.3926302091836737	0.3603682256410257	0.3407569329896911	0.39978668393782396	10019.492385786802	10870.44387755102	9819.8	10395.190721649484	10123.63212435233
sp|Q12981|SEC20_HUMAN	0.35110404845814974	0.37508121681415946	0.3789931644444444	0.35133136160714284	0.39029657847533633	8824.77973568282	9775.389380530973	8985.28	9245.70982142857	9467.42600896861
sp|O00161|SNP23_HUMAN	0.37127268571428573	0.3929833684210527	0.3235063942307693	0.3512151787439616	0.38451704854368907	10505.914285714285	10226.77033492823	8998.889423076924	9179.130434782608	10023.59223300971
sp|P63026|VAMP2_BOVIN	0.2634471391304348	0.29878157894736834	0.2706568141592921	0.27927154464285714	0.30357366666666674	7826.826086956522	8019.912280701755	7420.575221238938	7638.598214285715	8369.747747747748
sp|P70280|VAMP7_MOUSE	0.3444520776255712	0.3459597706422023	0.3433538433179725	0.34612722685185215	0.356277576744186	10250.502283105023	10318.064220183487	10464.391705069125	10008.930555555555	10980.576744186046
sp|Q9WUF4|VAMP8_RAT	0.343446121212121	0.3341626530612245	0.312639618556701	0.3458009062500002	0.3159308842105264	7879.181818181818	8339.918367346938	7987.113402061856	7788.479166666667	8975.726315789474
sp|P23763|VAMP1_HUMAN	0.2709216153846155	0.30276193965517234	0.27737949565217396	0.28979491228070153	0.31278574336283177	7893.376068376068	8543.034482758621	7938.834782608696	8033.482456140351	9018.38053097345
sp|P25385|BOS1_YEAST	0.3372182551440331	0.37368440909090916	0.34247588796680495	0.33279636249999983	0.3575378493723849	8934.098765432098	9344.752066115703	8585.547717842324	8135.904166666666	9119.322175732217
sp|O95249|GOSR1_HUMAN	0.3415598634538151	0.38215515322580634	0.36306225910931184	0.36701954878048804	0.42683557551020435	9134.755020080322	10329.274193548386	9114.97975708502	8828.264227642276	10386.351020408163
sp|Q5TZ66|SN25A_DANRE	0.4065979408866996	0.4468692277227727	0.3557528109452736	0.3484724100000002	0.4395686783919597	10280.724137931034	11070.851485148514	9407.960199004976	9337.005	11159.13567839196
sp|Q6QD59|SEC20_MOUSE	0.357387383259912	0.37406689823008854	0.37255980888888895	0.3536676026785714	0.392136865470852	8751.792951541851	9607.575221238938	8881.626666666667	9089.316964285714	9595.215246636772
sp|Q9NYM9|BET1L_HUMAN	0.37847170000000013	0.3799126788990826	0.3218052037037039	0.33554025233644863	0.3937923490566038	10324.718181818182	10951.009174311926	9825.574074074075	9110.719626168224	10563.716981132075
sp|O35153|BET1L_MOUSE	0.37001829090909105	0.38692738532110105	0.3032193796296297	0.33839719626168246	0.4016674339622642	9795.172727272728	10725.54128440367	9623.398148148148	9053.719626168224	10240.518867924528
sp|O35623|BET1_MOUSE	0.37305931623931615	0.32837193103448287	0.320771	0.2926239298245614	0.33422208849557533	10263.25641025641	9272.491379310344	9010.426086956522	8889.491228070176	9634.769911504425
sp|Q6BVM4|BOS1_DEBHA	0.3506418377192984	0.40271451982378853	0.35232733628318597	0.3451287111111111	0.3708024107142857	8994.118421052632	9645.718061674008	8427.606194690265	8048.822222222222	8608.35267857143
sp|Q5ZJW4|SC22B_CHICK	0.3612585093457945	0.35927605633802817	0.3698774575471699	0.3645402464454978	0.35097442380952404	9514.08878504673	9277.014084507042	8506.745283018869	9146.625592417062	9675.77619047619
sp|Q17QI5|VAMP7_BOVIN	0.3461898219178085	0.34801970183486297	0.34176246082949313	0.3462406574074077	0.35996911627906963	10251.96803652968	10384.58256880734	10423.543778801843	9937.75	11110.06046511628
sp|P34351|SNB5_CAEEL	0.4149447722772278	0.4199167300000003	0.35031000000000007	0.3540022244897958	0.40065112371134026	10679.514851485148	10861.61	9488.838383838383	10367.255102040815	10625.556701030928
sp|Q2KIU0|VTI1B_BOVIN	0.39837764069264087	0.4196114391304348	0.3646754017467248	0.35449899122807016	0.4430005947136562	8548.051948051949	9272.008695652174	8354.013100436681	7929.0921052631575	9387.14537444934
sp|O74786|SEC9_SCHPO	0.36602323444976076	0.36446750119904076	0.3620278798076923	0.3518685662650606	0.35792795169082126	8914.40909090909	8763.863309352519	8852.435096153846	8644.318072289157	8580.630434782608
sp|Q59YF0|SSO2_CANAL	0.36835433333333334	0.3582774982935154	0.3511316780821918	0.3567196323024058	0.3788538379310345	9450.401360544218	10016.17747440273	8401.263698630137	8454.94501718213	9921.33448275862
sp|A6QP11|SNP47_BOVIN	0.3792083508353223	0.37687984688995224	0.36959378657074315	0.3640876971153845	0.39636015180722856	10215.849642004774	10138.856459330143	10294.318944844124	9898.723557692309	10086.149397590361
sp|Q6BSL0|YKT6_DEBHA	0.3631525879396987	0.4100346515151519	0.37084618274111686	0.357274224489796	0.3826817179487179	9714.86432160804	10599.88383838384	9410.994923857868	10159.34693877551	10170.061538461538
sp|Q757A4|YKT6_ASHGO	0.3745434673366836	0.4024650959595964	0.37210803045685303	0.3909398367346939	0.3784717384615386	9548.115577889448	11021.570707070707	10075.873096446701	10597.05612244898	10789.292307692307
sp|Q7SXP0|S22BB_DANRE	0.3657703271028037	0.363934234741784	0.3746334575471697	0.3692079763033177	0.35074630952380975	9931.943925233645	9492.178403755868	8968.556603773584	9546.037914691944	9784.561904761904
sp|A8WVD0|STX1A_CAEBR	0.38062999315068485	0.388068323024055	0.38192430000000005	0.34363534948096897	0.41981158680555575	8747.57191780822	9358.92439862543	8596.78275862069	8136.467128027682	9053.038194444445
sp|Q6C880|SEC22_YARLI	0.3947835518867927	0.4245079905213272	0.341146419047619	0.34018268899521537	0.38998401442307706	9991.075471698114	9837.810426540284	9010.204761904763	9044.507177033493	9318.100961538461
sp|Q3T0Y8|VAMP8_BOVIN	0.34182968686868664	0.34724111224489795	0.3232020000000001	0.34266247916666687	0.3409078526315791	7768.535353535353	8614.234693877552	7820.381443298969	8075.28125	9307.094736842106
sp|Q9N0Y0|VAMP2_MACMU	0.2637104086956522	0.2983315526315789	0.2700878318584071	0.279176375	0.30321841441441444	7856.078260869565	7902.228070175439	7311.973451327433	7543.821428571428	8259.450450450451
sp|Q6FKA1|BOS1_CANGA	0.35601257740585784	0.35454055882352964	0.35780131645569635	0.3428221016949152	0.36138639148936186	8603.523012552301	8364.74369747899	8672.409282700422	8042.2584745762715	8745.548936170213
sp|P41941|GOSR2_CAEEL	0.3845876084905661	0.3716304739336493	0.39751354761904734	0.3724262153110049	0.3500092500000002	9558.759433962265	11068.27962085308	10541.961904761905	9556.047846889953	9526.822115384615
sp|Q6BZQ6|BOS1_YARLI	0.3723940755555556	0.38063530357142855	0.362052591928251	0.34027932882882883	0.36967458823529403	9608.706666666667	9510.5	9071.511210762332	8376.824324324325	9585.796380090498
sp|O35165|GOSR2_RAT	0.3659841611374408	0.4138915238095239	0.38118043540669844	0.3416023749999997	0.3343025217391308	8888.654028436018	9823.114285714286	8749.607655502392	8603.10576923077	8935.193236714977
sp|Q75CY3|BOS1_ASHGO	0.34421047945205513	0.38072864678899115	0.31062244700460834	0.33344797685185196	0.357316446511628	8788.570776255709	9548.967889908257	8352.124423963134	8440.61574074074	8472.590697674419
sp|Q9LMP7|GOS11_ARATH	0.366603783783784	0.3668751945701356	0.34873817272727264	0.31898740182648444	0.37017799541284385	9594.68018018018	9874.796380090498	8978.286363636364	8372.301369863013	9817.871559633028
sp|A8XLW0|GOSR1_CAEBR	0.3683773605150217	0.3886353060344828	0.3663098268398267	0.35170666521739136	0.36406256331877745	9502.763948497854	9995.314655172413	9536.406926406926	8939.647826086957	9724.362445414847
sp|Q9VRL2|GOSR2_DROME	0.34338194883720935	0.36123837850467283	0.36327928169014095	0.3603384999999998	0.38002618009478695	8709.26511627907	8719.747663551401	8996.652582159624	8406.334905660377	8671.597156398104
sp|Q9VE50|GOSR1_DROME	0.3392589740259738	0.3574582826086954	0.3469917336244543	0.33103527631578944	0.37225310132158596	9629.818181818182	10071.952173913043	8963.480349344978	9104.359649122807	10064.308370044053
sp|Q62931|GOSR1_RAT	0.34620945783132506	0.39007529838709665	0.3736547004048584	0.36616128048780516	0.42411260816326557	9213.301204819278	10311.737903225807	9269.732793522267	8844.288617886179	10319.461224489796
sp|Q5RBL6|GOSR1_PONAB	0.34210549392712525	0.38399293902439013	0.3604785551020409	0.3623021393442626	0.4248941440329221	9179.044534412955	10285.239837398374	9024.979591836734	8836.27868852459	10321.930041152264
sp|O08522|GOSR1_CRIGR	0.34194500803212835	0.38676650806451607	0.37145271255060736	0.36282451626016293	0.4210388612244901	9198.084337349397	10386.274193548386	9257.425101214574	8907.532520325203	10380.469387755102
sp|O14653|GOSR2_HUMAN	0.3748681516587678	0.4062088285714287	0.3850821770334927	0.35302973076923055	0.3396434396135269	9101.597156398104	10099.361904761905	9110.894736842105	9081.427884615385	9074.826086956522
sp|A8XP14|GOSR2_CAEBR	0.39246459715639814	0.37448978095238095	0.39682381339712897	0.38682726923076943	0.3559401062801934	9997.962085308056	10896.32380952381	10060.866028708135	9268.096153846154	9690.859903381643
sp|Q9FK28|MEM12_ARATH	0.3782963577981654	0.42727583870967717	0.36983969907407427	0.3369157209302325	0.4408307289719623	9355.98623853211	10907.129032258064	8540.023148148148	9264.451162790698	11230.990654205607
sp|Q9SJL6|MEM11_ARATH	0.37796468303571445	0.4265904125560536	0.369521846846847	0.3471794524886877	0.4414202909090906	9567.629464285714	10647.026905829596	8660.932432432432	9404.35294117647	11109.059090909092
sp|Q944A9|NPS11_ARATH	0.36302562878787914	0.4266458707224335	0.33833284351145027	0.3464151877394638	0.41285350769230794	9840.227272727272	10738.300380228136	9280.324427480917	9090.770114942528	10469.292307692307
sp|O35166|GOSR2_MOUSE	0.37426162559241705	0.4121315190476192	0.3685920430622007	0.34506736538461513	0.3492565362318843	9025.710900473934	9869.65238095238	8683.11961722488	8834.240384615385	9136.420289855072
sp|Q95ZW1|GOSR1_CAEEL	0.3672209012875538	0.3891975000000003	0.3626530129870129	0.35281199565217386	0.3695194279475985	9515.424892703862	10184.831896551725	9860.116883116883	9134.230434782608	9765.720524017468
sp|O88630|GOSR1_MOUSE	0.3469348232931725	0.39090576612903216	0.37294732793522284	0.3657054227642279	0.4235720612244901	9221.975903614459	10213.504032258064	9273.27935222672	8734.044715447155	10311.081632653062
sp|P32854|PEP12_YEAST	0.3569772369337979	0.4243234475524477	0.3636653333333333	0.3791936443661972	0.38761852296819765	8865.871080139374	10065.576923076924	9161.726315789474	9236.010563380281	8824.321554770318
sp|Q9LNH6|NPS12_ARATH	0.35933130303030314	0.40805938403041847	0.33542111832061083	0.3383632145593872	0.4067890038461539	9502.746212121212	10129.927756653993	8852.675572519083	8777.731800766283	10069.65
sp|Q9SA23|SYP51_ARATH	0.3670817662337665	0.3763431217391306	0.35746480349345	0.35151182456140356	0.3970417092511014	10158.744588744588	10126.795652173912	9701.965065502183	9331.035087719298	11207.93832599119
sp|Q20024|STX3_CAEEL	0.38219536721311487	0.37568471052631586	0.347160198019802	0.3367983013245034	0.379969833887043	9994.373770491804	10442.569078947368	9250.14191419142	9083.51655629139	10616.740863787376
sp|O65359|SYP41_ARATH	0.3599678099688474	0.36055302187500016	0.365410605015674	0.3524233270440255	0.3840275583596217	9501.881619937694	8759.75625	8767.050156739811	8672.704402515723	9828.022082018928
sp|Q5RAL4|STX19_PONAB	0.37208965187713317	0.39987854794520544	0.3796078075601375	0.387486575862069	0.3823502145328718	9736.778156996586	10516.277397260274	9117.39175257732	9568.23448275862	10061.799307958478
sp|Q9D3G5|STX11_MOUSE	0.44310148951048955	0.42250010175438596	0.3994151690140844	0.3901092544169613	0.409289790780142	10797.534965034965	10347.101754385965	9521.165492957747	9728.335689045936	9994.797872340425
sp|Q94KK5|SYP73_ARATH	0.4425855954198474	0.37152369348658987	0.3869247346153846	0.39586152509652506	0.37408506589147295	11364.908396946565	10134.888888888889	10019.065384615385	9138.45945945946	10538.523255813954
sp|Q42374|SY111_ARATH	0.41054463430420707	0.4150781948051948	0.3731219674267105	0.3651742320261443	0.39681621311475435	9454.90938511327	10090.40909090909	8508.201954397395	8527.238562091503	9146.845901639344
sp|O75558|STX11_HUMAN	0.4350709965034964	0.4365563543859649	0.3837585422535212	0.3908201448763252	0.4064401737588655	10964.153846153846	10792.17192982456	9540.669014084508	9881.120141342757	9957.053191489362
sp|Q63635|STX6_RAT	0.3580416456692913	0.38981000000000016	0.36723418650793666	0.3565267968127488	0.3995732000000001	9734.708661417322	9672.249011857708	9319.305555555555	9167.533864541832	10277.956
sp|Q9USH7|PSY1_SCHPO	0.3836537667844522	0.4140250390070922	0.3381023060498221	0.360867425	0.38924781362007177	9463.36042402827	9709.18085106383	8631.886120996442	8595.714285714286	9548.258064516129
sp|Q9C615|SYP24_ARATH	0.3678643277108432	0.3444294347826087	0.3850612978208228	0.3770521480582526	0.37631537469586346	9747.460240963856	8775.830917874397	10633.549636803875	9539.650485436894	10539.43795620438
sp|Q5REB4|STX18_PONAB	0.4180261616766466	0.42054129729729683	0.3810348433734939	0.37859424169184286	0.4205515757575753	9431.883233532933	9983.48948948949	8864.828313253012	8483.79758308157	10005.533333333333
sp|P32850|STX1A_BOVIN	0.4012724285714288	0.4129583636363635	0.37522403859649145	0.3316933169014086	0.4429590812720847	9582.42857142857	10385.13986013986	9303.642105263158	8403.781690140846	10445.946996466431
sp|P32851|STX1A_RAT	0.40004624041811865	0.4144755104895104	0.37509860350877205	0.33201667253521144	0.442285	9479.717770034844	10511.79020979021	9245.087719298246	8392.517605633802	10389.272084805654
sp|P61267|STX1B_BOVIN	0.41674283623693387	0.4146687622377621	0.38328407719298263	0.3366552605633804	0.43739811660777383	9539.289198606271	10038.332167832168	9327.768421052631	8333.521126760563	10203.727915194346
sp|Q9Y7L0|SEC22_SCHPO	0.37495509813084127	0.4345343802816903	0.38989212264150963	0.3513477345971564	0.3905051142857145	10341.574766355141	10222.50234741784	9696.966981132075	9975.535545023697	9867.2
sp|P60877|SNP25_MACMU	0.4103045512195123	0.45479165196078464	0.35815280295566515	0.3549460940594061	0.4456739950248757	10444.468292682926	10799.480392156862	9446.152709359605	9527.232673267326	10829.73631840796
sp|Q94KK7|SYP52_ARATH	0.3553164698275867	0.3847066450216453	0.36267505652173937	0.3594709170305676	0.38589232894736863	9887.810344827587	9975.692640692641	9797.482608695653	9663.855895196506	10600.978070175439
sp|Q9SVC2|SY122_ARATH	0.3776855588235296	0.403030233038348	0.34046444082840216	0.34213672403560835	0.3853522827380954	9238.29705882353	9527.12389380531	8618.183431952662	8378.13946587537	8884.925595238095
sp|Q8VDS8|STX18_MOUSE	0.4178864594594593	0.4152715993975898	0.3836817190332326	0.37390159999999995	0.40684342249240085	9404.984984984985	9981.403614457831	8884.960725075529	8673.593939393939	9899.103343465045
sp|P61265|STX1B_RAT	0.416899149825784	0.41454652447552437	0.383825007017544	0.3373697007042254	0.437591812720848	9581.15331010453	10044.160839160839	9376.2	8377.098591549297	10218.272084805654
sp|Q5R1X1|SNP25_PANTR	0.4103045512195123	0.45479165196078464	0.35815280295566515	0.3549460940594061	0.4456739950248757	10444.468292682926	10799.480392156862	9446.152709359605	9527.232673267326	10829.73631840796
sp|Q9ZSD4|SY121_ARATH	0.3573148173913042	0.39610281976744144	0.33276189795918365	0.3444765526315791	0.3911637976539591	8813.4	9562.345930232557	7771.425655976676	8202.754385964912	9617.483870967742
sp|Q4VBI7|STX18_DANRE	0.40440214057507995	0.40209258012820503	0.38254464951768485	0.40696361612903226	0.4037619644012944	9788.840255591054	10496.88141025641	9372.360128617363	9507.883870967742	9994.064724919093
sp|Q5RBW6|STX12_PONAB	0.34030985818181847	0.3667678029197083	0.3442623406593407	0.3632337977941176	0.3831444723247232	9026.323636363637	9412.883211678833	8543.285714285714	9616.077205882353	9463.845018450185
sp|Q9LMG8|SNP30_ARATH	0.3946725839694653	0.39303023371647483	0.34978089999999995	0.3621815366795366	0.4037093488372096	9539.362595419847	10216.199233716476	9061.057692307691	8516.312741312742	10354.251937984496
sp|Q946Y7|SYP61_ARATH	0.35586717213114766	0.3949519506172841	0.36691973553719015	0.38301004979253117	0.4247403958333334	8965.782786885246	9720.75720164609	8900.479338842975	9372.053941908714	10273.308333333332
sp|Q9LK09|SYP32_ARATH	0.3247707658959537	0.3504205449275361	0.3151932267441862	0.35119133527696783	0.3453427573099414	7869.93063583815	8840.188405797102	7924.59011627907	8245.868804664724	9439.505847953216
sp|Q8R1Q0|STX19_MOUSE	0.37182256701030925	0.4178668724137933	0.3994219515570934	0.39786181597222225	0.40206251567944246	9305.701030927836	10424.986206896552	9657.384083044983	9652.836805555555	10139.630662020905
sp|P18489|SYB_DROME	0.29025982119205285	0.3236150799999999	0.28051801342281873	0.31622810810810814	0.3286673537414967	7268.761589403974	8214.9	7498.140939597315	7835.0	8879.265306122448
sp|P50279|STX2_RAT	0.4026451903114187	0.4028101006944445	0.37578053310104514	0.34380567832167835	0.4362538175438597	9098.010380622838	9640.840277777777	8665.97212543554	7867.241258741259	9710.922807017543
sp|Q3SWZ3|STX4_BOVIN	0.368766543918919	0.39540203389830497	0.3523538333333332	0.35087843344709907	0.40205140753424634	8604.760135135135	9126.372881355932	8042.384353741497	8157.061433447099	8730.828767123288
sp|Q13277|STX3_HUMAN	0.4013936041666668	0.3818698710801393	0.3634033006993007	0.3335847228070177	0.4045447535211269	9437.385416666666	9418.351916376307	8714.388111888113	7918.147368421052	9216.69366197183
sp|P91409|STX4_CAEEL	0.35304717482517495	0.388993589473684	0.35198056690140817	0.36257940282685497	0.37977353900709226	9200.734265734265	10123.108771929825	9336.929577464789	8863.763250883392	9671.978723404256
sp|Q9SXB0|SY125_ARATH	0.3862636026936028	0.4021703006756757	0.3419643694915255	0.3555976258503403	0.41716987030716757	9278.703703703704	10254.081081081082	8114.308474576271	8409.751700680272	9571.532423208191
sp|Q8VZU2|SY132_ARATH	0.38584871287128697	0.435002284768212	0.3638421794019935	0.3539160266666669	0.37278544147157183	9719.118811881188	10122.758278145695	8539.873754152824	8048.913333333333	9427.471571906355
sp|Q60WU2|SYB1_CAEBR	0.29470165420560757	0.3551299150943394	0.36846432380952365	0.3109419615384614	0.35097571844660186	8195.841121495327	8540.77358490566	8482.057142857142	7906.0	9190.320388349515
sp|Q0VCI2|STX19_BOVIN	0.3681972542955327	0.412055848275862	0.3851517474048444	0.4014338923611111	0.38994480836236933	9524.230240549829	10243.748275862068	9045.297577854672	9386.947916666666	9892.331010452961
sp|Q9SRV7|SY131_ARATH	0.4028877114754097	0.4206080888157897	0.34190703300330055	0.34916219536423854	0.3918826445182723	9438.206557377049	9926.118421052632	7868.23102310231	7874.327814569537	9580.644518272426
sp|Q9FFK1|SYP31_ARATH	0.33309627462686564	0.35411864071856286	0.315663741741742	0.3410830692771083	0.34355148036253774	8532.167164179105	9494.308383233532	8238.732732732733	8441.981927710844	9292.839879154079
sp|O13644|SED5_SCHPO	0.34587073051948064	0.3372873941368079	0.3256122287581701	0.3341054459016395	0.33807524671052636	9134.782467532468	9439.736156351792	8013.813725490196	8539.780327868852	9599.496710526315
sp|P70452|STX4_MOUSE	0.36941725925925933	0.3924216554054053	0.35148111186440667	0.3423629965986395	0.40427970307167216	8759.208754208754	9125.324324324325	8233.559322033898	8042.510204081633	9068.170648464164
sp|Q9SF29|SYP71_ARATH	0.4282657245283019	0.36442095075757536	0.3856481026615967	0.35662097328244263	0.4000099386973179	10552.109433962265	9729.85606060606	9875.425855513307	8793.759541984733	10225.823754789271
sp|Q68FW4|STX18_RAT	0.41401326126126115	0.42313579216867403	0.3871453202416918	0.3767256696969697	0.40989071732522764	9470.003003003003	9969.918674698794	8784.214501510574	8584.654545454545	9812.109422492402
sp|O94651|PEP12_SCHPO	0.3571531183206108	0.36639564367816124	0.32484854615384623	0.3247405289575288	0.3710084069767442	9416.92748091603	9369.977011494253	8830.180769230768	8089.787644787645	9281.213178294574
sp|Q9SWH4|SYP42_ARATH	0.3526824409937889	0.36791367289719623	0.3586924125000002	0.36091752037617564	0.40761414465408824	9881.785714285714	8927.822429906542	9160.3	9133.896551724138	10439.59748427673
sp|Q8N4C7|STX19_HUMAN	0.3750959215017065	0.40609874999999995	0.3848977560137458	0.3924244965517242	0.3848820311418684	9555.310580204778	10321.70890410959	8997.422680412372	9421.431034482759	9877.671280276816
sp|P93654|SYP22_ARATH	0.3428089737827717	0.3486444887218046	0.3338586301886795	0.36465062878787896	0.333183296577947	8344.629213483146	9153.462406015038	8615.279245283018	8512.670454545454	8432.794676806083
sp|Q6FWT0|SEC22_CANGA	0.36075617757009354	0.36914871830985907	0.35323132547169805	0.35116634123222773	0.3407251285714288	9874.467289719627	10027.276995305165	10178.02358490566	9584.388625592417	9853.490476190476
sp|Q4KM74|SC22B_RAT	0.36497613084112157	0.3522523568075119	0.3653193443396226	0.35961715639810443	0.34798630952380977	9459.490654205607	9335.43661971831	8413.292452830188	9214.559241706162	9642.971428571429
sp|Q6P7L4|SC22B_XENTR	0.3601636121495328	0.36315005164319253	0.36590961792452825	0.3627808246445498	0.34752450000000046	9705.144859813085	9841.178403755868	8457.787735849057	9353.654028436018	9581.538095238095
sp|Q0II86|SNP29_BOVIN	0.3857054863813232	0.3809415507812498	0.3689643372549019	0.3720956850393701	0.3970693399209486	9786.879377431907	9600.85546875	8987.792156862744	8477.976377952757	9718.826086956522
sp|O60073|YKT6_SCHPO	0.39172995918367354	0.371116394871795	0.3647916907216497	0.3509918756476685	0.3875885520833335	10133.459183673469	11218.902564102564	9648.231958762886	10529.948186528498	10681.755208333334
sp|Q9LVP9|VTI13_ARATH	0.3989692090909091	0.38039005479452076	0.37646188990825696	0.38291235944700464	0.40377184259259297	9759.65	9359.251141552511	9145.899082568807	8916.488479262673	9494.819444444445
sp|Q6P6S0|SNP47_RAT	0.3914391531100478	0.3761597362110312	0.38134271394230745	0.36766650602409634	0.3984150966183572	9712.145933014353	9804.633093525179	9917.538461538461	9486.768674698795	9791.695652173914
sp|Q0P4A7|SNP47_DANRE	0.38374330143540675	0.36696479136690685	0.3614177908653845	0.3568905734939759	0.38037218115942	9979.583732057416	9998.760191846523	9768.51201923077	9776.824096385542	9838.611111111111
sp|O08547|SC22B_MOUSE	0.36497613084112157	0.3522523568075119	0.3653193443396226	0.35961715639810443	0.34798630952380977	9459.490654205607	9335.43661971831	8413.292452830188	9214.559241706162	9642.971428571429
sp|P60880|SNP25_HUMAN	0.4103045512195123	0.45479165196078464	0.35815280295566515	0.3549460940594061	0.4456739950248757	10444.468292682926	10799.480392156862	9446.152709359605	9527.232673267326	10829.73631840796
sp|Q9JHW5|VAMP7_RAT	0.3387862557077629	0.3461914954128446	0.3428975898617513	0.3519330972222224	0.3561350465116277	10047.75799086758	10240.08256880734	10252.433179723503	10063.75462962963	10911.720930232557
sp|Q5ZL74|VAMP7_CHICK	0.3439658904109592	0.3287712706422022	0.3364556820276498	0.33818412037037066	0.35061215813953484	10081.06392694064	10108.816513761469	10307.142857142857	10189.75	10930.302325581395
sp|Q8R570|SNP47_MOUSE	0.37468055582524296	0.3778452019464722	0.3803157121951219	0.36490988019559906	0.39566974264705884	9802.849514563106	10191.588807785887	10048.087804878049	9702.833740831296	10265.823529411764
sp|Q54X86|STX7B_DICDI	0.3126453578947369	0.3899380070422538	0.3551476325088341	0.33196345035461006	0.3592812740213525	7765.526315789473	9525.12323943662	8045.918727915195	7857.695035460993	8942.06049822064
sp|O70257|STX7_RAT	0.3452692692307695	0.36301034749034755	0.33528389534883735	0.34393340466926087	0.3763110234375001	8839.707692307693	8730.648648648648	8546.616279069767	8449.252918287937	8985.51953125
sp|G3V7P1|STX12_RAT	0.3297362417582419	0.3623153676470591	0.34266530627306274	0.35621807777777786	0.38399324535315993	9100.304029304029	9651.507352941177	8536.848708487085	9313.992592592593	9408.75092936803
sp|Q5ZL19|STX6_CHICK	0.36040077865612663	0.38532177380952404	0.3640425657370519	0.34838217200000005	0.40141073895582347	9567.549407114624	9702.182539682539	9182.274900398406	8876.788	10311.012048192772
sp|Q3ZBT5|STX7_BOVIN	0.3493149192307694	0.37115637837837856	0.334132562015504	0.3436873424124514	0.37444136718750026	9022.826923076924	9035.787644787644	8580.96511627907	8711.949416342413	8906.546875
sp|Q2TBU3|GOSR1_BOVIN	0.3377622650602407	0.3833169999999999	0.3624787651821863	0.3628771829268294	0.4243580653061227	9188.843373493975	10391.282258064517	9146.12955465587	8836.585365853658	10456.555102040817
sp|O60499|STX10_HUMAN	0.36624634274193535	0.4017289271255065	0.37737285365853673	0.3679277469387754	0.38575489344262304	9463.245967741936	10026.866396761134	9182.983739837398	9389.195918367346	9931.20081967213
sp|Q9P2W9|STX18_HUMAN	0.41383779341317356	0.4162028258258253	0.3806057048192771	0.38179402416918423	0.42009869090909047	9387.116766467067	9968.975975975976	8848.734939759037	8483.972809667674	9966.227272727272
sp|O16000|STX1A_CAEEL	0.38826003793103453	0.39505803114186844	0.38934481597222226	0.3510688188153312	0.42472313636363657	9150.28275862069	9731.833910034602	9011.798611111111	8534.114982578398	9273.468531468532
sp|Q5R4L2|STX1A_PONAB	0.39803255052264824	0.41331144755244753	0.37487451578947373	0.3328130704225354	0.44157158303886923	9381.905923344948	10487.34965034965	9234.052631578947	8462.37676056338	10395.26855123675
sp|O14662|STX16_HUMAN	0.35527201851851853	0.3875796780185756	0.3707698757763976	0.3752922554517134	0.39712915937499993	8657.787037037036	9709.377708978329	9365.024844720498	9440.068535825545	9289.15625
sp|Q13190|STX5_HUMAN	0.34475445197740107	0.34334062322946163	0.33988689488636364	0.3500605982905984	0.33999981142857144	8715.5	9102.478753541076	8187.230113636364	8597.811965811965	9779.137142857142
sp|P61264|STX1B_MOUSE	0.416899149825784	0.41454652447552437	0.383825007017544	0.3373697007042254	0.437591812720848	9581.15331010453	10044.160839160839	9376.2	8377.098591549297	10218.272084805654
sp|Q8BVI5|STX16_MOUSE	0.35314196923076935	0.392791296296296	0.3580262786377709	0.3759611894409938	0.40088035202492195	8557.135384615385	9685.425925925925	9092.219814241485	9511.537267080745	9502.616822429907
sp|Q12846|STX4_HUMAN	0.36577175	0.40235776610169477	0.34497781972789104	0.35218403412969285	0.39998181849315056	8555.486486486487	9065.701694915255	7807.360544217687	8037.658703071673	8799.455479452055
sp|Q20797|STX5_CAEEL	0.3452038786407764	0.33695122141119194	0.32978542682926826	0.3394246283618582	0.34251585049019556	9905.111650485436	9552.722627737227	8603.641463414635	8979.838630806846	10015.769607843138
sp|Q553P5|STX8A_DICDI	0.3098334569536425	0.31281641999999993	0.2964174496644295	0.30292437837837843	0.37208992517006795	9283.192052980132	10017.786666666667	9070.026845637583	8488.358108108108	10150.122448979591
sp|Q7ZV15|S22BA_DANRE	0.37953794392523366	0.37214670892018775	0.37000998584905664	0.3530430568720381	0.3529243285714287	10681.341121495327	10546.760563380281	9594.47641509434	9704.549763033176	10263.438095238096
sp|Q752V4|SEC9_ASHGO	0.3535842462406015	0.3769607118644068	0.36398002830188675	0.36210051228733475	0.3694999431818183	8597.270676691729	8328.58945386064	8028.167924528302	8062.030245746691	8488.929924242424
sp|Q9ZQZ8|SY123_ARATH	0.38612991776315764	0.4148162937293727	0.3502048278145695	0.35931253156146176	0.41860945666666693	9111.657894736842	10249.762376237624	8299.076158940397	8364.451827242525	9776.28
sp|Q5E9Y2|STX17_BOVIN	0.3507659568106311	0.38344626999999987	0.3399393578595315	0.36819811073825504	0.37057468013468015	9514.790697674418	9615.233333333334	8618.19397993311	8956.93288590604	9433.464646464647
sp|P36015|YKT6_YEAST	0.38254100000000013	0.4159227878787883	0.35952154314720824	0.3849433265306123	0.38330878461538465	9345.527638190955	11071.247474747475	9499.406091370558	9868.882653061224	10562.8
sp|Q8K1E0|STX5_MOUSE	0.33843848587570613	0.3442604759206799	0.3344332159090909	0.34371247863247867	0.3390968885714285	8853.104519774011	9237.541076487252	8377.866477272728	8756.931623931623	9976.391428571429
sp|Q17QQ3|SNP25_BOVIN	0.4103045512195123	0.45479165196078464	0.35815280295566515	0.3549460940594061	0.4456739950248757	10444.468292682926	10799.480392156862	9446.152709359605	9527.232673267326	10829.73631840796
sp|P32856|STX2_HUMAN	0.40128350174216043	0.41280010489510466	0.38521602105263153	0.34268550352112676	0.4441073038869259	9207.400696864112	9664.115384615385	8813.235087719298	7743.112676056338	9728.416961130742
sp|Q5R602|STX7_PONAB	0.3465040346153848	0.3698124864864867	0.3321406821705429	0.3446090817120623	0.3751259570312502	9012.088461538462	8896.830115830116	8655.046511627907	8493.315175097276	8833.5625
sp|Q64704|STX3_MOUSE	0.4051484409722224	0.3857069616724738	0.36652001748251756	0.3376776631578949	0.40733310211267615	9413.552083333334	9382.480836236933	8689.391608391608	7966.298245614035	9149.862676056338
sp|Q54JY7|STX7A_DICDI	0.2743618507042253	0.3188460508474577	0.3035194192634562	0.32663429545454564	0.34289412820512827	8015.887323943662	9259.655367231639	8256.186968838527	8823.769886363636	9122.615384615385
sp|Q9VSU7|USE1_DROME	0.355488843373494	0.39326648387096763	0.34479533603238893	0.34439146341463434	0.39240999183673486	8623.17670682731	9197.34677419355	8416.206477732794	8662.150406504064	9250.195918367346
sp|O04378|SYP23_ARATH	0.3723229803149606	0.38653552569169985	0.3996894920634922	0.40957400796812754	0.3849569240000001	8610.228346456694	9249.292490118578	9201.769841269841	8433.10358565737	9321.296
sp|Q94KK6|SYP72_ARATH	0.4108441466165415	0.3844257320754715	0.37437559090909106	0.38207083269961967	0.41420109160305335	10860.917293233082	9857.403773584905	10031.844696969696	9278.376425855513	11021.492366412214
sp|Q01590|SED5_YEAST	0.3211625073746313	0.3664126568047336	0.3460305014836795	0.3440561071428573	0.3606481014925372	8502.964601769912	9131.707100591717	8317.884272997033	8931.89880952381	8889.573134328359
sp|P33328|SNC2_YEAST	0.3095317807017542	0.337069725663717	0.34755610714285706	0.33084384684684665	0.35320053636363646	8355.684210526315	9002.12389380531	8852.25	7802.342342342342	9677.481818181817
sp|Q9P6P1|TLG2_SCHPO	0.3701973066666667	0.35976982943143826	0.38137631879194644	0.3821436801346802	0.3657214831081082	9154.323333333334	9113.692307692309	8710.21812080537	9052.117845117846	8906.699324324325
sp|Q08849|STX3_RAT	0.40527314236111134	0.3857069616724738	0.36652001748251756	0.3375531859649124	0.4072081866197184	9419.392361111111	9382.480836236933	8689.391608391608	7959.8421052631575	9143.383802816901
sp|Q3T075|STX8_BOVIN	0.34959533191489406	0.38668329059829054	0.38625637339055785	0.356952797413793	0.36970577489177503	8389.051063829787	10356.910256410256	8981.450643776823	8029.271551724138	9462.95670995671
sp|O70377|SNP23_RAT	0.39153152153110055	0.39119825	0.32422685507246385	0.340253936893204	0.380147287804878	10510.35885167464	9984.552884615385	8784.091787439613	8987.373786407767	9966.619512195122
sp|P63044|VAMP2_MOUSE	0.26427116521739136	0.29905955263157885	0.27141662831858415	0.28035181249999996	0.3039660900900901	7902.095652173913	7972.324561403509	7384.469026548672	7592.866071428572	8331.441441441442
sp|Q6TMJ9|SYBA_DICDI	0.32635165957446804	0.346509623655914	0.2753678586956522	0.33033973626373636	0.3334611888888889	7537.595744680851	7963.935483870968	7016.934782608696	6588.945054945055	8894.122222222222
sp|P40357|SEC9_YEAST	0.357493152307692	0.36362079815100135	0.33736813580246894	0.3421017913446678	0.34522115944272425	9186.696923076923	8629.187981510015	8541.614197530864	8433.60741885626	8465.22600619195
sp|P31109|SNC1_YEAST	0.34103571551724116	0.3442256086956521	0.3446092807017544	0.3694092743362831	0.39982848214285716	9417.836206896553	8863.078260869564	8685.21052631579	8078.566371681416	9806.392857142857
sp|O15498|YKT6_HUMAN	0.38897410152284284	0.39047681122448996	0.3601109230769233	0.34504226804123744	0.39938712435233176	9823.421319796955	10812.25	9802.523076923077	10478.067010309278	10149.668393782384
sp|Q9BV40|VAMP8_HUMAN	0.3576994444444441	0.36226485714285706	0.31844837113402064	0.3496436875	0.32250738947368435	7921.030303030303	8684.173469387755	7692.154639175258	7999.114583333333	9028.2
sp|P39926|SSO2_YEAST	0.3786069251700683	0.3806243651877131	0.3283267294520547	0.33462583505154647	0.3714539586206897	9616.214285714286	9652.14675767918	8641.558219178081	8198.072164948453	9800.410344827586
sp|O64791|SY124_ARATH	0.393658761589404	0.41332452491694355	0.34252989	0.35180512709030115	0.4296353489932888	9564.754966887418	10362.425249169435	7766.52	8299.43143812709	10018.302013422819
sp|Q9ZPV9|SY112_ARATH	0.3729615493421051	0.3848683795379537	0.3729985430463576	0.3608359568106313	0.4154368800000005	9924.407894736842	10252.597359735973	8572.241721854305	8875.574750830565	10539.47
sp|Q9Z158|STX17_RAT	0.3539320799999999	0.38559082943143813	0.3225351073825503	0.36107036700336714	0.363729533783784	9233.456666666667	9645.752508361204	8510.848993288591	8680.93265993266	9054.716216216217
sp|Q9ER00|STX12_MOUSE	0.33389439560439577	0.36648227573529435	0.34266835055350553	0.3559584148148149	0.3786067695167286	9080.399267399267	9618.761029411764	8489.365313653136	9273.855555555556	9366.981412639405
sp|P31377|STX8_YEAST	0.33240826771653575	0.3522920513833993	0.3525968849206349	0.2993426454183268	0.37747547200000015	8828.444881889764	9762.177865612648	9617.361111111111	9173.8406374502	10542.64
sp|P61268|STX1B_SHEEP	0.41674283623693387	0.4146687622377621	0.38328407719298263	0.3366552605633804	0.43739811660777383	9539.289198606271	10038.332167832168	9327.768421052631	8333.521126760563	10203.727915194346
sp|Q6CSD1|SEC9_KLULA	0.3562225639639637	0.36875828339350153	0.34292984267631094	0.34510501268115934	0.36072738294010886	9142.735135135135	8732.803249097473	8195.775768535263	8198.067028985508	8951.6388384755
sp|P32867|SSO1_YEAST	0.3936963806228378	0.3894949756944443	0.3483796724738677	0.3455555699300701	0.38768094385964924	9377.602076124567	9042.649305555555	8414.797909407665	8352.13986013986	9150.368421052632
sp|Q39233|SYP21_ARATH	0.3535099640287771	0.37349663176895326	0.353718018115942	0.3545559200000002	0.3670931058394164	8706.143884892086	9345.317689530686	8918.583333333334	8712.163636363637	9092.642335766423
sp|Q16623|STX1A_HUMAN	0.3984412195121953	0.412756944055944	0.3749590947368422	0.3325819154929579	0.4416389787985865	9410.756097560976	10443.293706293707	9258.764912280702	8468.161971830987	10393.455830388693
sp|Q5R6Q2|STX6_PONAB	0.36017416929133866	0.3906496126482214	0.36249448809523827	0.3472280996015936	0.40046558000000015	9478.57874015748	9435.122529644268	8990.833333333334	8861.358565737051	9988.844
sp|P58200|VTI1B_RAT	0.3926993116883119	0.41555557391304343	0.36373196506550215	0.35075210964912273	0.43191967841409695	8497.411255411256	9309.652173913044	8397.231441048036	7662.903508771929	9177.925110132159
sp|O02495|SYB1_CAEEL	0.29197293518518525	0.3560188785046726	0.3656497830188677	0.30758800952380944	0.3461938942307692	8119.9537037037035	8494.196261682244	8564.415094339623	7730.219047619048	9056.634615384615
sp|O43752|STX6_HUMAN	0.36017416929133866	0.3906496126482214	0.36249448809523827	0.3472280996015936	0.40046558000000015	9478.57874015748	9435.122529644268	8990.833333333334	8861.358565737051	9988.844
sp|O70439|STX7_MOUSE	0.3534051461538464	0.3747242779922782	0.3338346124031009	0.3490220583657587	0.3817941328125002	9234.588461538462	9199.413127413127	8817.352713178294	8923.093385214008	9139.70703125
sp|Q9UNK0|STX8_HUMAN	0.34829383829787275	0.3904954786324784	0.38015255364806866	0.3651123836206896	0.38476175324675344	8685.842553191489	10806.75641025641	8988.862660944205	8218.185344827587	9904.38528138528
sp|Q74ZD2|SEC22_ASHGO	0.36106230516431964	0.36885660849056584	0.38153505213270134	0.34851195714285726	0.35521817224880414	9432.962441314554	9672.75	10207.805687203792	9284.366666666667	9483.421052631578
sp|Q20574|STX2_CAEEL	0.3736335268456377	0.39764544444444455	0.36162895608108125	0.35713231864406786	0.40226795918367353	8975.453020134228	9788.90909090909	8279.93918918919	8220.091525423728	9929.323129251701
sp|Q08DB5|STX5_BOVIN	0.3459293559322032	0.3395408243626061	0.34067063920454543	0.34706523361823366	0.3454722828571428	8775.036723163841	9160.379603399433	8200.338068181818	8644.837606837607	9829.874285714286
sp|Q08851|STX5_RAT	0.3396727627118643	0.3459070793201133	0.3358210539772728	0.3465112307692308	0.3410723171428571	8919.912429378532	9344.909348441926	8445.71590909091	8909.589743589744	10066.554285714286
sp|Q63666|VAMP1_RAT	0.2641796324786326	0.3004911810344827	0.27433037391304355	0.28660416666666666	0.31078425663716813	7671.74358974359	8448.077586206897	7872.634782608696	8000.140350877193	8930.973451327434
sp|Q9D0I4|STX17_MOUSE	0.34962644999999987	0.3793051538461538	0.3319350201342281	0.35673317171717184	0.3565657331081084	9063.033333333333	9575.247491638796	8588.21476510067	8692.225589225589	8993.780405405405
sp|Q9Z2Q7|STX8_RAT	0.3637955531914897	0.39282176495726484	0.3777406824034335	0.35349184051724136	0.3811868874458877	9192.527659574467	10892.47435897436	9393.021459227468	8263.237068965518	10182.619047619048
sp|Q62083|PICK1_MOUSE	0.396745826506024	0.37234230676328484	0.37580861743341404	0.34133615048543703	0.38282115328467153	10794.47469879518	9791.007246376812	10029.2397094431	9779.599514563106	10177.004866180048
sp|Q9CQW1|YKT6_MOUSE	0.38214860913705606	0.3913980612244901	0.3601149435897437	0.3356207010309281	0.40496948704663227	10058.431472081218	11053.484693877552	9875.133333333333	10596.453608247422	10345.720207253886
sp|Q86Y82|STX12_HUMAN	0.34013370181818203	0.3677830547445258	0.34403575457875457	0.36293070588235293	0.3846008339483394	9029.254545454545	9471.799270072992	8487.791208791208	9533.702205882353	9465.081180811809
sp|Q24509|STX5_DROME	0.3290205171673816	0.3358549010752686	0.31979357758620675	0.3448341663066951	0.337521595238095	8364.667381974248	8406.09247311828	8013.010775862069	8835.771058315335	8936.136363636364
sp|Q62442|VAMP1_MOUSE	0.27014127350427364	0.3037984827586206	0.2773452	0.28898138596491213	0.3130995132743362	7856.854700854701	8573.077586206897	7947.930434782608	8028.5526315789475	9041.734513274336
sp|Q6FY22|SEC9_CANGA	0.33470734920634926	0.3618802803468206	0.33829906222865413	0.345426824637681	0.36394015239477484	8723.126984126984	8587.716763005781	8251.101302460203	8442.897101449274	8497.11320754717
sp|Q6CSA2|YKT6_KLULA	0.36863266331658323	0.4071427020202025	0.36717763451776675	0.38154490306122474	0.37515733333333356	9448.989949748744	10638.080808080807	9569.360406091371	10410.234693877552	10388.066666666668
sp|Q96NA8|TSNA1_HUMAN	0.35400656250000007	0.36345250489236774	0.3443178647058825	0.3696430275049115	0.36155157480314953	9759.7890625	10037.608610567515	9129.945098039216	10230.36935166994	9698.374015748032
sp|P51809|VAMP7_HUMAN	0.34570118264840216	0.3475808715596336	0.3412320184331798	0.3462272546296299	0.35941006046511614	10215.89497716895	10373.215596330276	10438.57603686636	9960.847222222223	11094.879069767441
sp|Q9SD96|SNP29_ARATH	0.404395156	0.38390451405622505	0.3916938508064516	0.38673705668016206	0.4081448089430896	9835.7	9563.329317269076	9357.16935483871	9214.566801619434	10488.569105691056
sp|Q3T000|YKT6_BOVIN	0.39430476649746216	0.3993924132653064	0.36047357435897454	0.35099712371134056	0.3982250725388601	10075.07614213198	11049.102040816326	9873.34358974359	10703.29381443299	10333.243523316061
sp|O15400|STX7_HUMAN	0.34521233461538475	0.36479138610038625	0.3297427364341088	0.34297461478599234	0.37401295312500016	9096.588461538462	8847.046332046331	8701.422480620155	8622.836575875486	8936.265625
sp|Q54IX6|STX8B_DICDI	0.359749666666667	0.3429842943548388	0.3530558218623486	0.33861719512195126	0.35886854693877573	9280.417670682731	10100.725806451614	10272.712550607288	9639.09756097561	10383.983673469387
sp|Q9JKK1|STX6_MOUSE	0.3526051929133859	0.3842180553359684	0.3598165357142859	0.3510896374501991	0.39892717200000016	9689.94094488189	9626.877470355732	9210.595238095239	9120.517928286852	10269.94
sp|Q2KJD2|VAMP3_BOVIN	0.2836643106796117	0.30944153921568635	0.2981691485148515	0.30992699000000007	0.3245822828282829	8432.669902912621	8566.64705882353	9013.475247524753	8945.48	9425.222222222223
sp|Q6CJA0|SEC22_KLULA	0.37153475586854473	0.35793513679245265	0.37026461611374417	0.3662247047619051	0.3496339760765554	9922.464788732394	9040.042452830188	9745.924170616114	9216.704761904763	9395.21052631579
sp|P22214|SEC22_YEAST	0.354362150234742	0.36507404716981123	0.3652085734597158	0.3255036761904763	0.3392680574162682	9710.023474178404	9865.08962264151	9811.421800947868	9273.857142857143	9600.842105263158
sp|O35526|STX1A_MOUSE	0.4000818745644602	0.4137136398601398	0.3755589263157896	0.3317000739436622	0.44154142049469963	9492.641114982578	10409.604895104894	9227.168421052631	8350.901408450703	10286.003533568904
sp|O88983|STX8_MOUSE	0.3641688382978727	0.3925742478632477	0.37748745493562247	0.35331246120689647	0.3809864588744591	9161.20425531915	10804.123931623932	9454.111587982832	8158.237068965517	10083.770562770564
sp|Q16932|STX_APLCA	0.384010134948097	0.3878918194444444	0.3692750209059233	0.3321789720279723	0.4311552877192983	9262.09688581315	9823.177083333334	8831.825783972125	8611.444055944055	9919.301754385964
sp|Q7KVY7|STX4_DROME	0.363758219879518	0.3449924501510574	0.3370372090909089	0.3272599179331307	0.3567689420731706	8396.180722891566	8896.722054380665	8029.930303030303	7706.987841945289	8882.640243902439
sp|O88384|VTI1B_MOUSE	0.39130890476190505	0.4139928	0.3616053493449782	0.3494727368421053	0.430169462555066	8410.52380952381	9099.178260869565	8256.06113537118	7639.355263157895	9035.030837004406
sp|P63025|VAMP3_RAT	0.2858022549019608	0.31346581188118816	0.30507339999999994	0.3053417474747475	0.326472724489796	9261.176470588236	8895.673267326732	9413.76	9098.484848484848	9906.581632653062
sp|Q0V7N0|VAMP1_BOVIN	0.2697569658119659	0.3050533103448274	0.2762590869565218	0.28888389473684195	0.3135232300884956	7882.444444444444	8660.137931034482	7897.48695652174	7966.938596491228	9028.469026548673
sp|Q9SEL6|VTI11_ARATH	0.41653776363636347	0.3967138219178083	0.37205079357798176	0.38225552995391715	0.39535718981481494	9941.054545454546	10090.689497716896	9402.279816513761	8829.691244239631	9687.875
sp|P63024|VAMP3_MOUSE	0.2858022549019608	0.31346581188118816	0.30507339999999994	0.3053417474747475	0.326472724489796	9261.176470588236	8895.673267326732	9413.76	9098.484848484848	9906.581632653062
sp|P63045|VAMP2_RAT	0.26427116521739136	0.29905955263157885	0.27141662831858415	0.28035181249999996	0.3039660900900901	7902.095652173913	7972.324561403509	7384.469026548672	7592.866071428572	8331.441441441442
sp|Q3MHP8|BET1L_BOVIN	0.37911924545454556	0.3914736788990827	0.3080921296296297	0.33606068224299074	0.409752320754717	10368.418181818182	10957.302752293577	9794.25	9080.252336448599	10571.632075471698
